20
45068754 29153
2 9 5 999904402
640834505 28785
3 9 1 999946125
714311129 39521
9 5 9 999998192
218492221 46085
3 7 1 999969453
1000000000 1
12 7 74 12
220 88
1 8 3 58265
112 73
1 5 3 64100
1000000000 100000
1 1 0 2
1000000000 100000
1 1 1 1000000000
110 53
7 7 1 64417
1000000000 100000
999999999 1 999999999 1000000000
497151700 96511
9 7 6 999919625
22 21
1 4 869 22
1000000000 100000
99999 1 99999 100000
840698758 13331
8 7 10 999955808
28 21
6 5 1 85919
693840425 90561
2 6 7 999957328
82 81
58 56 739 82
131 74
1 9 10 78736
59 26
14 19 681 59

