20
28 21
6 5 1 85919
137 49
48 17 461 137
1000000000 100000
99999 1 99999 100000
186 75
68 16 539 186
218492221 46085
3 7 1 999969453
110 53
7 7 1 64417
1000000000 100000
1 1 0 2
78 51
3 5 5 51230
112 73
1 5 3 64100
840698758 13331
8 7 10 999955808
714311129 39521
9 5 9 999998192
693840425 90561
2 6 7 999957328
66 39
35 2 589 66
46 18
7 11 9 46
977365070 59489
8 5 9 999966210
249718282 93729
1 5 6 999917908
254 99
1 8 9 74990
220 88
1 8 3 58265
1000000000 100000
999999999 1 999999999 1000000000
1000000000 1
12 7 74 12
